# EASY
# Puzzle 1
098153004
000064897
402890150
203605070
540070302
800010640
087401530
035009021
120506789

# Puzzle 2
000315790
150789002
807006301
080653100
006002987
420908630
078560013
640031870
302090046

# Puzzle 3
530004908
021907003
700635040
003798420
264051080
897062010
978540200
640013007
002070564

# Puzzle 4
780312600
406078020
023600907
360709402
200506798
007421563
908050046
531260000
000807105

# Puzzle 5
800624003
030900264
206003897
004130978
080065010
021790000
002870036
798306420
563040789

# Puzzle 6
350206780
002070300
090105426
000563908
987410053
035090140
210604097
800301560
546087030

# Puzzle 7
214006897
007040365
360079004
602907030
978500002
031604970
780130400
023405700
406700123

# Puzzle 8
080531002
020970001
315642000
231450089
890003450
064009120
142060097
908014305
050097210

# Puzzle 9
078130504
600798201
012460890
421056900
506800042
780201603
204907000
007013426
050004089

# Puzzle 10
897002030
060301879
050008240
001987503
036004708
089630410
302879604
640203000
078540301

# MEDIUM
# Puzzle 11
503709002
900020501
600315078
005231700
032097450
798560020
040070060
050102897
809653010

# Puzzle 12
103978500
006302070
089005013
360400080
807530124
000789030
078060001
640053008
501090400

# Puzzle 13
300462900
420008000
080350640
002605897
978004005
050980210
504800023
897010050
001546000

# Puzzle 14
120604079
456907010
789020046
001040700
600809300
078035062
807002605
065708100
210500900

# Puzzle 15
000010897
087604150
013087060
405000908
130098040
708000302
201879500
009356021
300200700

# Puzzle 16
003980020
970124530
142035709
305002097
420798100
709050204
230540000
007000640
500809012

# Puzzle 17
405089000
132006700
090023406
079200360
050890014
001305800
907031642
604000031
513042070

# Puzzle 18
005620790
406080001
780500460
807132046
030005809
064790200
100306087
978040030
050009020

# Puzzle 19
100090045
798060300
460230900
604315800
003700260
087420050
800600421
040978006
056002009

# Puzzle 20
060009201
030056007
897003060
053097102
908014003
100065970
709531020
005600780
420070015

# HARD
# Puzzle 21
310000809
900203540
005879203
800050062
204798050
000460798
021035907
089004005
030907100

# Puzzle 22
097060020
064130000
200008654
000624130
020010809
315900000
970306000
600200098
002809560

# Puzzle 23
800510460
240080350
100620000
400050087
700201630
003009104
054700003
007032006
020000809

# Puzzle 24
500000879
031089000
007400203
000010087
040097005
970305004
305900060
426000700
000642051

# Puzzle 25
213000560
540203000
000546200
900035102
100007053
600024070
008400000
062000089
001790426

# Puzzle 26
654001009
000004213
300807000
003000980
010978600
098050124
079020000
100000462
046305000

# Puzzle 27
000102005
010000900
546008300
001024890
062000103
008013064
987000030
000356000
030870401

# Puzzle 28
870000003
030907260
000513090
000356400
412000006
063001780
004030908
301790005
980060010

# Puzzle 29
980000460
000004090
600080132
070135000
206000013
100240087
412503000
003798001
008010006

# Puzzle 30
300007410
204600700
007100003
900050046
040790100
530002000
050079301
089013050
023000087

# EVIL
# Puzzle 31
700000204
000006807
026009000
060080000
800301005
230000078
003090420
008010036
042500000

# Puzzle 32
009402000
001000908
000700140
790000060
030050000
005080001
007035026
500046080
620000000

# Puzzle 33
500021000
008000241
012009300
000045130
021970060
650010090
200053907
035800004
070200003

# Puzzle 34
970000100
000008405
600002090
260500000
007600510
003900604
009350001
030040079
021070000

# Puzzle 35
600798000
000002870
980000040
100500000
005809000
708000604
009020503
041030008
050080012